Stage (ft),Shift (ft),Flow (cfs)
171.56,-0.1,13.21
174.84,-0.1,13.22
178.14,-0.1,13.23
181.48,-0.1,13.24
184.85,-0.1,13.25
188.24,-0.1,13.26
191.67,-0.1,13.27
195.12,-0.1,13.28
198.61,-0.1,13.29
202.12,-0.1,13.3
205.67,-0.1,13.31
209.24,-0.1,13.32
212.84,-0.1,13.33
216.48,-0.1,13.34
220.14,-0.1,13.35
223.83,-0.1,13.36
227.55,-0.1,13.37
231.3,-0.1,13.38
235.08,-0.1,13.39
238.89,-0.1,13.4
242.73,-0.1,13.41
246.6,-0.1,13.42
250.49,-0.1,13.43
254.42,-0.1,13.44
261.69,-0.09,13.45
269.07,-0.08,13.46
276.54,-0.07,13.47
284.1,-0.07,13.48
291.77,-0.06,13.49
299.53,-0.05,13.5
307.4,-0.04,13.51
315.35,-0.03,13.52
323.41,-0.03,13.53
331.57,-0.02,13.54
339.82,-0.01,13.55
348.17,0,13.56
352.76,0,13.57
357.38,0,13.58
362.04,0,13.59
366.72,0,13.6
371.43,0,13.61
376.17,0,13.62
380.93,0,13.63
385.73,0,13.64
390.56,0,13.65
395.41,0,13.66
400.29,0,13.67
405.2,0,13.68
410.14,0,13.69
415.11,0,13.7
420.11,0,13.71
425.14,0,13.72
430.19,0,13.73
435.27,0,13.74
440.39,0,13.75
445.53,0,13.76
450.7,0,13.77
455.89,0,13.78
461.12,0,13.79
466.37,0,13.8
471.66,0,13.81
476.97,0,13.82
482.31,0,13.83
487.68,0,13.84
493.08,0,13.85
498.5,0,13.86
503.96,0,13.87
509.44,0,13.88
514.95,0,13.89
520.49,0,13.9
526.06,0,13.91
531.66,0,13.92
537.28,0,13.93
542.93,0,13.94
548.62,0,13.95
554.33,0,13.96
560.06,0,13.97
565.83,0,13.98
571.62,0,13.99
577.45,0,14
583.3,0,14.01
589.18,0,14.02
595.09,0,14.03
601.02,0,14.04
606.99,0,14.05
612.98,0,14.06
619,0,14.07
625.05,0,14.08
631.13,0,14.09
637.23,0,14.1
643.37,0,14.11
649.53,0,14.12
655.72,0,14.13
661.94,0,14.14
668.18,0,14.15
674.46,0,14.16
680.76,0,14.17
687.09,0,14.18
693.45,0,14.19
699.84,0,14.2
706.25,0,14.21
712.69,0,14.22
719.17,0,14.23
725.66,0,14.24
732.19,0,14.25
738.75,0,14.26
745.33,0,14.27
751.94,0,14.28
758.58,0,14.29
765.25,0,14.3
771.94,0,14.31
778.66,0,14.32
785.41,0,14.33
792.19,0,14.34
799,0,14.35
805.83,0,14.36
812.7,0,14.37
819.59,0,14.38
826.51,0,14.39
833.45,0,14.4
840.42,0,14.41
847.43,0,14.42
854.46,0,14.43
861.51,0,14.44
868.6,0,14.45
875.71,0,14.46
882.85,0,14.47
890.02,0,14.48
897.22,0,14.49
904.44,0,14.5
911.69,0,14.51
918.97,0,14.52
926.28,0,14.53
933.62,0,14.54
940.98,0,14.55
948.37,0,14.56
955.79,0,14.57
963.23,0,14.58
970.71,0,14.59
978.21,0,14.6
985.74,0,14.61
993.3,0,14.62
1000.88,0,14.63
1008.49,0,14.64
1016.13,0,14.65
1023.8,0,14.66
1031.5,0,14.67
1039.22,0,14.68
1046.97,0,14.69
1054.75,0,14.7
1062.55,0,14.71
1070.38,0,14.72
1078.24,0,14.73
1086.13,0,14.74
1094.05,0,14.75
1101.99,0,14.76
1109.96,0,14.77
1117.96,0,14.78
1125.99,0,14.79
1134.04,0,14.8
1142.12,0,14.81
1150.23,0,14.82
1158.37,0,14.83
1166.53,0,14.84
1174.72,0,14.85
1182.94,0,14.86
1191.18,0,14.87
1199.46,0,14.88
1207.76,0,14.89
1216.09,0,14.9
1224.44,0,14.91
1232.82,0,14.92
1241.24,0,14.93
1249.67,0,14.94
1258.14,0,14.95
1266.63,0,14.96
1275.15,0,14.97
1283.7,0,14.98
1292.27,0,14.99
1300.87,0,15
1309.5,0,15.01
1318.16,0,15.02
1326.84,0,15.03
1335.56,0,15.04
1344.3,0,15.05
1353.06,0,15.06
1361.85,0,15.07
1370.68,0,15.08
1379.52,0,15.09
1388.4,0,15.1
1397.3,0,15.11
1406.23,0,15.12
1415.19,0,15.13
1424.17,0,15.14
1433.18,0,15.15
1442.22,0,15.16
1451.29,0,15.17
1460.38,0,15.18
1469.5,0,15.19
1478.65,0,15.2
1487.83,0,15.21
1497.03,0,15.22
1506.26,0,15.23
1515.51,0,15.24
1524.8,0,15.25
1534.11,0,15.26
1543.45,0,15.27
1552.81,0,15.28
1562.2,0,15.29
1571.62,0,15.3
1581.07,0,15.31
1590.54,0,15.32
1600.04,0,15.33
1609.57,0,15.34
1619.13,0,15.35
1628.71,0,15.36
1638.32,0,15.37
1647.96,0,15.38
1657.62,0,15.39
1667.31,0,15.4
1677.03,0,15.41
1686.77,0,15.42
1696.54,0,15.43
1706.34,0,15.44
1716.17,0,15.45
1726.02,0,15.46
1735.9,0,15.47
1745.81,0,15.48
1755.74,0,15.49
1765.7,0,15.5
1775.69,0,15.51
1785.71,0,15.52
1795.75,0,15.53
1805.82,0,15.54
1815.91,0,15.55
1826.04,0,15.56
1836.19,0,15.57
1846.36,0,15.58
1856.57,0,15.59
1866.8,0,15.6
1877.06,0,15.61
1887.34,0,15.62
1897.65,0,15.63
1907.99,0,15.64
1918.36,0,15.65
1928.75,0,15.66
1939.17,0,15.67
1949.62,0,15.68
1960.09,0,15.69
1970.59,0,15.7
1981.12,0,15.71
1991.67,0,15.72
2002.25,0,15.73
2012.86,0,15.74
2023.49,0,15.75
2034.15,0,15.76
2044.84,0,15.77
2055.56,0,15.78
2066.3,0,15.79
2077.07,0,15.8
2087.86,0,15.81
2098.69,0,15.82
2109.54,0,15.83
2120.41,0,15.84
2131.31,0,15.85
2142.24,0,15.86
2153.2,0,15.87
2164.18,0,15.88
2175.19,0,15.89
2186.23,0,15.9
2197.29,0,15.91
2208.38,0,15.92
2219.5,0,15.93
2230.64,0,15.94
2241.82,0,15.95
2253.01,0,15.96
2264.24,0,15.97
2275.49,0,15.98
2286.76,0,15.99
2298.07,0,16
2309.4,0,16.01
2320.76,0,16.02
2332.14,0,16.03
2343.55,0,16.04
2354.99,0,16.05
2366.46,0,16.06
2377.95,0,16.07
2389.46,0,16.08
2401.01,0,16.09
2412.58,0,16.1
2424.18,0,16.11
2435.8,0,16.12
2447.45,0,16.13
2459.13,0,16.14
2470.84,0,16.15
2482.57,0,16.16
2494.32,0,16.17
2506.11,0,16.18
2517.92,0,16.19
2529.76,0,16.2
2541.62,0,16.21
2553.51,0,16.22
2565.43,0,16.23
2577.37,0,16.24
2589.34,0,16.25
2601.34,0,16.26
2613.37,0,16.27
2625.42,0,16.28
2637.49,0,16.29
2649.6,0,16.3
2661.73,0,16.31
2673.88,0,16.32
2686.07,0,16.33
2698.28,0,16.34
2710.51,0,16.35
2722.77,0,16.36
2735.06,0,16.37
2747.38,0,16.38
2759.72,0,16.39
2772.09,0,16.4
2784.49,0,16.41
2796.91,0,16.42
2809.36,0,16.43
2821.83,0,16.44
2834.33,0,16.45
2846.86,0,16.46
2859.41,0,16.47
2872,0,16.48
2884.6,0,16.49
2897.24,0,16.5
2909.9,0,16.51
2922.58,0,16.52
2935.3,0,16.53
2948.04,0,16.54
2960.8,0,16.55
2973.59,0,16.56
2986.41,0,16.57
2999.26,0,16.58
3012.13,0,16.59
3025.03,0,16.6
3037.95,0,16.61
3050.9,0,16.62
3063.88,0,16.63
3076.89,0,16.64
3089.92,0,16.65
3102.97,0,16.66
3116.05,0,16.67
3129.16,0,16.68
3142.3,0,16.69
3155.46,0,16.7
3168.65,0,16.71
3181.87,0,16.72
3195.11,0,16.73
3208.37,0,16.74
3221.67,0,16.75
3234.99,0,16.76
3248.33,0,16.77
3261.71,0,16.78
3275.11,0,16.79
3288.53,0,16.8
3301.98,0,16.81
3315.46,0,16.82
3328.97,0,16.83
3342.5,0,16.84
3356.06,0,16.85
3369.64,0,16.86
3383.25,0,16.87
3396.88,0,16.88
3410.55,0,16.89
3424.24,0,16.9
3437.95,0,16.91
3451.69,0,16.92
3465.46,0,16.93
3479.25,0,16.94
3493.07,0,16.95
3506.92,0,16.96
3520.79,0,16.97
3534.69,0,16.98
3548.62,0,16.99
3562.57,0,17
3576.54,0,17.01
3590.55,0,17.02
3604.58,0,17.03
3618.63,0,17.04
3632.72,0,17.05
3646.83,0,17.06
3660.96,0,17.07
3675.12,0,17.08
3689.31,0,17.09
3703.52,0,17.1
3717.76,0,17.11
3732.03,0,17.12
3746.32,0,17.13
3760.64,0,17.14
3774.98,0,17.15
3789.35,0,17.16
3803.75,0,17.17
3818.17,0,17.18
3832.62,0,17.19
3847.1,0,17.2
3861.6,0,17.21
3876.13,0,17.22
3890.68,0,17.23
3905.26,0,17.24
3919.87,0,17.25
3934.5,0,17.26
3949.16,0,17.27
3963.84,0,17.28
3978.55,0,17.29
3993.29,0,17.3
4008.05,0,17.31
4022.84,0,17.32
4037.65,0,17.33
4052.5,0,17.34
4067.36,0,17.35
4082.26,0,17.36
4097.18,0,17.37
4112.12,0,17.38
4127.09,0,17.39
4142.09,0,17.4
4157.11,0,17.41
4172.16,0,17.42
4187.24,0,17.43
4202.34,0,17.44
4217.47,0,17.45
4232.62,0,17.46
4247.8,0,17.47
4263.01,0,17.48
4278.24,0,17.49
4293.5,0,17.5
4308.78,0,17.51
4324.09,0,17.52
4339.43,0,17.53
4354.79,0,17.54
4370.18,0,17.55
4385.6,0,17.56
4401.04,0,17.57
4416.5,0,17.58
4431.99,0,17.59
4447.51,0,17.6
4463.06,0,17.61
4478.63,0,17.62
4494.22,0,17.63
4509.85,0,17.64
4525.49,0,17.65
4541.17,0,17.66
4556.87,0,17.67
4572.6,0,17.68
4588.35,0,17.69
4604.13,0,17.7
4619.93,0,17.71
4635.76,0,17.72
4651.62,0,17.73
4667.5,0,17.74
4683.41,0,17.75
4699.34,0,17.76
4715.3,0,17.77
4731.29,0,17.78
4747.3,0,17.79
4763.33,0,17.8
4779.4,0,17.81
4795.49,0,17.82
4811.6,0,17.83
4827.74,0,17.84
4843.91,0,17.85
4860.11,0,17.86
4876.32,0,17.87
4892.57,0,17.88
4908.84,0,17.89
4925.14,0,17.9
4941.46,0,17.91
4957.81,0,17.92
4974.18,0,17.93
4990.58,0,17.94
5007.01,0,17.95
5023.46,0,17.96
5039.94,0,17.97
5056.44,0,17.98
5072.97,0,17.99
5089.53,0,18
5106.11,0,18.01
5122.72,0,18.02
5139.35,0,18.03
5156.01,0,18.04
5172.69,0,18.05
5189.4,0,18.06
5206.14,0,18.07
5222.9,0,18.08
5239.69,0,18.09
5256.5,0,18.1
5273.34,0,18.11
5290.21,0,18.12
5307.1,0,18.13
5324.02,0,18.14
5340.96,0,18.15
5357.93,0,18.16
5374.92,0,18.17
5391.94,0,18.18
5408.99,0,18.19
5426.06,0,18.2
5443.16,0,18.21
5460.28,0,18.22
5477.43,0,18.23
5494.61,0,18.24
5511.81,0,18.25
5529.04,0,18.26
5546.29,0,18.27
5563.57,0,18.28
5580.87,0,18.29
5598.2,0,18.3
5615.55,0,18.31
5632.94,0,18.32
5650.34,0,18.33
5667.78,0,18.34
5685.23,0,18.35
5702.72,0,18.36
5720.23,0,18.37
5737.76,0,18.38
5755.32,0,18.39
5772.91,0,18.4
5790.52,0,18.41
5808.16,0,18.42
5825.83,0,18.43
5843.52,0,18.44
5861.23,0,18.45
5878.97,0,18.46
5896.74,0,18.47
5914.53,0,18.48
5932.35,0,18.49
5950.2,0,18.5
5968.07,0,18.51
5985.96,0,18.52
6003.88,0,18.53
6021.83,0,18.54
6039.8,0,18.55
6057.8,0,18.56
6075.82,0,18.57
6093.87,0,18.58
6111.95,0,18.59
6130.05,0,18.6
6148.18,0,18.61
6166.33,0,18.62
6184.51,0,18.63
6202.71,0,18.64
6220.94,0,18.65
6239.19,0,18.66
6257.47,0,18.67
6275.78,0,18.68
6294.11,0,18.69
6312.47,0,18.7
6330.85,0,18.71
6349.26,0,18.72
6367.69,0,18.73
6386.15,0,18.74
6404.64,0,18.75
6423.15,0,18.76
6441.69,0,18.77
6460.25,0,18.78
6478.84,0,18.79
6497.45,0,18.8
6516.09,0,18.81
6534.75,0,18.82
6553.44,0,18.83
6572.16,0,18.84
6590.9,0,18.85
6609.67,0,18.86
6628.46,0,18.87
6647.28,0,18.88
6666.12,0,18.89
6684.99,0,18.9
6703.88,0,18.91
6722.81,0,18.92
6741.75,0,18.93
6760.72,0,18.94
6779.72,0,18.95
6798.74,0,18.96
6817.79,0,18.97
6836.86,0,18.98
6855.96,0,18.99
6875.09,0,19
6894.24,0,19.01
6913.41,0,19.02
6932.61,0,19.03
6951.84,0,19.04
6971.09,0,19.05
6990.37,0,19.06
7009.68,0,19.07
7029,0,19.08
7048.36,0,19.09
7067.74,0,19.1
7087.14,0,19.11
7106.57,0,19.12
7126.03,0,19.13
7145.51,0,19.14
7165.02,0,19.15
7184.55,0,19.16
7204.11,0,19.17
7223.7,0,19.18
7243.31,0,19.19
7262.94,0,19.2
7282.6,0,19.21
7302.29,0,19.22
7322,0,19.23
7341.73,0,19.24
7361.5,0,19.25
7381.28,0,19.26
7401.1,0,19.27
7420.94,0,19.28
7440.8,0,19.29
7460.69,0,19.3
7480.6,0,19.31
7500.54,0,19.32
7520.51,0,19.33
7540.5,0,19.34
7560.52,0,19.35
7580.56,0,19.36
7600.63,0,19.37
7620.72,0,19.38
7640.84,0,19.39
7660.98,0,19.4
7681.15,0,19.41
7701.35,0,19.42
7721.57,0,19.43
7741.81,0,19.44
7762.08,0,19.45
7782.38,0,19.46
7802.7,0,19.47
7823.05,0,19.48
7843.42,0,19.49
7863.82,0,19.5
7884.24,0,19.51
7904.69,0,19.52
7925.17,0,19.53
7945.67,0,19.54
7966.19,0,19.55
7986.74,0,19.56
8007.32,0,19.57
8027.92,0,19.58
8048.54,0,19.59
8069.2,0,19.6
8089.87,0,19.61
8110.58,0,19.62
8131.3,0,19.63
8152.06,0,19.64
8172.84,0,19.65
8193.64,0,19.66
8214.47,0,19.67
8235.32,0,19.68
8256.2,0,19.69
8277.11,0,19.7
8298.04,0,19.71
8319,0,19.72
8339.98,0,19.73
8360.98,0,19.74
8382.02,0,19.75
8403.07,0,19.76
8424.16,0,19.77
8445.26,0,19.78
8466.4,0,19.79
8487.56,0,19.8
8508.74,0,19.81
8529.95,0,19.82
8551.18,0,19.83
8572.44,0,19.84
8593.73,0,19.85
8615.04,0,19.86
8636.37,0,19.87
8657.74,0,19.88
8679.12,0,19.89
8700.53,0,19.9
8721.97,0,19.91
8743.43,0,19.92
8764.92,0,19.93
8786.43,0,19.94
8807.97,0,19.95
8829.54,0,19.96
8851.12,0,19.97
8872.74,0,19.98
8894.38,0,19.99
8916.04,0,20
8937.73,0,20.01
8959.45,0,20.02
8981.19,0,20.03
9002.95,0,20.04
9024.74,0,20.05
9046.56,0,20.06
9068.4,0,20.07
9090.27,0,20.08
9112.16,0,20.09
9134.07,0,20.1
9156.02,0,20.11
9177.98,0,20.12
9199.98,0,20.13
9221.99,0,20.14
9244.04,0,20.15
9266.11,0,20.16
9288.2,0,20.17
9310.32,0,20.18
9332.46,0,20.19
9354.63,0,20.2
9376.83,0,20.21
9399.05,0,20.22
9421.29,0,20.23
9443.56,0,20.24
9465.86,0,20.25
9488.18,0,20.26
9510.52,0,20.27
9532.89,0,20.28
9555.29,0,20.29
9577.71,0,20.3
9600.16,0,20.31
9622.63,0,20.32
9645.12,0,20.33
9667.65,0,20.34
9690.19,0,20.35
9712.77,0,20.36
9735.36,0,20.37
9757.99,0,20.38
9780.63,0,20.39
9803.31,0,20.4
9826.01,0,20.41
9848.73,0,20.42
9871.48,0,20.43
9894.25,0,20.44
9917.05,0,20.45
9939.87,0,20.46
9962.72,0,20.47
9985.6,0,20.48
10008.5,0,20.49
10031.42,0,20.5
10054.37,0,20.51
10077.35,0,20.52
10100.35,0,20.53
10123.37,0,20.54
10146.42,0,20.55
10169.5,0,20.56
10192.6,0,20.57
10215.72,0,20.58
10238.87,0,20.59
10262.05,0,20.6
10285.25,0,20.61
10308.48,0,20.62
10331.73,0,20.63
10355,0,20.64
10378.3,0,20.65
10401.63,0,20.66
10424.98,0,20.67
10448.36,0,20.68
10471.76,0,20.69
10495.19,0,20.7
10518.64,0,20.71
10542.12,0,20.72
10565.62,0,20.73
10589.15,0,20.74
10612.7,0,20.75
10636.28,0,20.76
10659.88,0,20.77
10683.51,0,20.78
10707.16,0,20.79
10730.84,0,20.8
10754.54,0,20.81
10778.27,0,20.82
10802.02,0,20.83
10825.8,0,20.84
10849.6,0,20.85
10873.43,0,20.86
10897.28,0,20.87
10921.16,0,20.88
10945.06,0,20.89
10968.99,0,20.9
10992.95,0,20.91
11016.92,0,20.92
11040.93,0,20.93
11064.96,0,20.94
11089.01,0,20.95
11113.09,0,20.96
11137.19,0,20.97
11161.32,0,20.98
11185.47,0,20.99
11209.65,0,21
11233.86,0,21.01
11258.09,0,21.02
11282.34,0,21.03
11306.62,0,21.04
11330.92,0,21.05
11355.25,0,21.06
11379.6,0,21.07
11403.98,0,21.08
11428.39,0,21.09
11452.82,0,21.1
11477.27,0,21.11
11501.75,0,21.12
11526.25,0,21.13
11550.78,0,21.14
11575.33,0,21.15
11599.91,0,21.16
11624.52,0,21.17
11649.15,0,21.18
11673.8,0,21.19
11698.48,0,21.2
11723.18,0,21.21
11747.91,0,21.22
11772.67,0,21.23
11797.44,0,21.24
11822.25,0,21.25
11847.08,0,21.26
11871.93,0,21.27
11896.81,0,21.28
11921.71,0,21.29
11946.64,0,21.3
11971.59,0,21.31
11996.57,0,21.32
12021.58,0,21.33
12046.6,0,21.34
12071.66,0,21.35
12096.74,0,21.36
12121.84,0,21.37
12146.97,0,21.38
12172.12,0,21.39
12197.3,0,21.4
12222.5,0,21.41
12247.73,0,21.42
12272.98,0,21.43
12298.26,0,21.44
12323.56,0,21.45
12348.89,0,21.46
12374.24,0,21.47
12399.62,0,21.48
12425.02,0,21.49
12450.45,0,21.5
12475.9,0,21.51
12501.38,0,21.52
12526.88,0,21.53
12552.41,0,21.54
12577.96,0,21.55
12603.54,0,21.56
12629.14,0,21.57
12654.76,0,21.58
12680.42,0,21.59
12706.09,0,21.6
12731.79,0,21.61
12757.52,0,21.62
12783.27,0,21.63
12809.05,0,21.64
12834.85,0,21.65
12860.67,0,21.66
12886.52,0,21.67
12912.4,0,21.68
12938.3,0,21.69
12964.22,0,21.7
12990.17,0,21.71
13016.15,0,21.72
13042.15,0,21.73
13068.17,0,21.74
13094.22,0,21.75
13120.3,0,21.76
13146.4,0,21.77
13172.52,0,21.78
13198.67,0,21.79
13224.84,0,21.8
13251.04,0,21.81
13277.27,0,21.82
13303.51,0,21.83
13329.79,0,21.84
13356.09,0,21.85
13382.41,0,21.86
13408.76,0,21.87
13435.13,0,21.88
13461.53,0,21.89
13487.95,0,21.9
13514.4,0,21.91
13540.87,0,21.92
13567.37,0,21.93
13593.89,0,21.94
13620.43,0,21.95
13647,0,21.96
13673.6,0,21.97
13700.22,0,21.98
13726.87,0,21.99
13753.54,0,22
13780.23,0,22.01
13806.95,0,22.02
13833.7,0,22.03
13860.47,0,22.04
13887.26,0,22.05
13914.08,0,22.06
13940.93,0,22.07
13967.8,0,22.08
13994.69,0,22.09
14021.61,0,22.1
14048.55,0,22.11
14075.52,0,22.12
14102.51,0,22.13
14129.53,0,22.14
14156.57,0,22.15
14183.64,0,22.16
14210.73,0,22.17
14237.85,0,22.18
14264.99,0,22.19
14292.16,0,22.2
14319.35,0,22.21
14346.57,0,22.22
14373.81,0,22.23
14401.07,0,22.24
14428.36,0,22.25
14455.68,0,22.26
14483.02,0,22.27
14510.38,0,22.28
14537.77,0,22.29
14565.19,0,22.3
14592.63,0,22.31
14620.09,0,22.32
14647.58,0,22.33
14675.09,0,22.34
14702.63,0,22.35
14730.19,0,22.36
14757.78,0,22.37
14785.39,0,22.38
14813.03,0,22.39
14840.69,0,22.4
14868.38,0,22.41
14896.09,0,22.42
14923.82,0,22.43
14951.58,0,22.44
14979.37,0,22.45
15007.18,0,22.46
15035.01,0,22.47
15062.87,0,22.48
15090.76,0,22.49
15118.67,0,22.5
15146.6,0,22.51
15174.56,0,22.52
15202.54,0,22.53
15230.55,0,22.54
15258.58,0,22.55
15286.64,0,22.56
15314.72,0,22.57
15342.83,0,22.58
15370.96,0,22.59
15399.11,0,22.6
15427.3,0,22.61
15455.5,0,22.62
15483.73,0,22.63
15511.99,0,22.64
15540.26,0,22.65
15568.57,0,22.66
15596.9,0,22.67
15625.25,0,22.68
15653.63,0,22.69
15682.03,0,22.7
15710.46,0,22.71
15738.91,0,22.72
15767.39,0,22.73
15795.89,0,22.74
15824.42,0,22.75
15852.97,0,22.76
15881.54,0,22.77
15910.14,0,22.78
15938.77,0,22.79
15967.42,0,22.8
15996.09,0,22.81
16024.79,0,22.82
16053.52,0,22.83
16082.26,0,22.84
16111.04,0,22.85
16139.84,0,22.86
16168.66,0,22.87
16197.5,0,22.88
16226.38,0,22.89
16255.27,0,22.9
16284.19,0,22.91
16313.14,0,22.92
16342.11,0,22.93
16371.1,0,22.94
16400.12,0,22.95
16429.17,0,22.96
16458.24,0,22.97
16487.33,0,22.98
16516.45,0,22.99
16545.59,0,23
16574.76,0,23.01
16603.95,0,23.02
16633.16,0,23.03
16662.41,0,23.04
16691.67,0,23.05
16720.96,0,23.06
16750.28,0,23.07
16779.62,0,23.08
16808.98,0,23.09
16838.37,0,23.1
16867.78,0,23.11
16897.22,0,23.12
16926.68,0,23.13
16956.17,0,23.14
16985.68,0,23.15
17015.22,0,23.16
17044.78,0,23.17
17074.36,0,23.18
17103.97,0,23.19
17133.61,0,23.2
17163.27,0,23.21
17192.95,0,23.22
17222.66,0,23.23
17252.39,0,23.24
17282.15,0,23.25
17311.93,0,23.26
17341.74,0,23.27
17371.57,0,23.28
17401.43,0,23.29
17431.31,0,23.3
17461.21,0,23.31
17491.14,0,23.32
17521.1,0,23.33
17551.08,0,23.34
17581.08,0,23.35
17611.11,0,23.36
17641.16,0,23.37
17671.24,0,23.38
17701.34,0,23.39
17731.47,0,23.4
17761.62,0,23.41
17791.79,0,23.42
17821.99,0,23.43
17852.22,0,23.44
17882.47,0,23.45
17912.74,0,23.46
17943.04,0,23.47
17973.36,0,23.48
18003.71,0,23.49
18034.08,0,23.5
18064.47,0,23.51
18094.9,0,23.52
18125.34,0,23.53
18155.81,0,23.54
18186.31,0,23.55
18216.82,0,23.56
18247.37,0,23.57
18277.94,0,23.58
18308.53,0,23.59
18339.14,0,23.6
18369.79,0,23.61
18400.45,0,23.62
18431.14,0,23.63
18461.86,0,23.64
18492.6,0,23.65
18523.36,0,23.66
18554.15,0,23.67
18584.96,0,23.68
18615.8,0,23.69
18646.66,0,23.7
18677.55,0,23.71
18708.46,0,23.72
18739.4,0,23.73
18770.36,0,23.74
18801.34,0,23.75
18832.35,0,23.76
18863.38,0,23.77
18894.44,0,23.78
18925.53,0,23.79
18956.63,0,23.8
18987.76,0,23.81
19018.92,0,23.82
19050.1,0,23.83
19081.31,0,23.84
19112.54,0,23.85
19143.79,0,23.86
19175.07,0,23.87
19206.37,0,23.88
19237.7,0,23.89
19269.05,0,23.9
19300.43,0,23.91
19331.83,0,23.92
19363.25,0,23.93
19394.7,0,23.94
19426.18,0,23.95
19457.68,0,23.96
19489.2,0,23.97
19520.75,0,23.98
19552.32,0,23.99
19583.92,0,24
19615.54,0,24.01
19647.18,0,24.02
19678.85,0,24.03
19710.55,0,24.04
19742.26,0,24.05
19774.01,0,24.06
19805.78,0,24.07
19837.57,0,24.08
19869.38,0,24.09
19901.23,0,24.1
19933.09,0,24.11
19964.98,0,24.12
19996.9,0,24.13
20028.83,0,24.14
20060.8,0,24.15
20092.79,0,24.16
20124.8,0,24.17
20156.83,0,24.18
20188.89,0,24.19
20220.98,0,24.2
20253.09,0,24.21
20285.22,0,24.22
20317.38,0,24.23
20349.57,0,24.24
20381.77,0,24.25
20414,0,24.26
20446.26,0,24.27
20478.54,0,24.28
20510.85,0,24.29
20543.18,0,24.3
20575.53,0,24.31
20607.91,0,24.32
20640.31,0,24.33
20672.74,0,24.34
20705.19,0,24.35
20737.67,0,24.36
20770.17,0,24.37
20802.69,0,24.38
20835.24,0,24.39
20867.81,0,24.4
20900.41,0,24.41
20933.03,0,24.42
20965.68,0,24.43
20998.35,0,24.44
21031.05,0,24.45
21063.77,0,24.46
21096.51,0,24.47
21129.28,0,24.48
